Node	16
0.0	0.0	0.0
1.0	0.0	0.0
2.0	0.0	0.0
3.0	0.0	0.0
3.0	1.0	0.0
2.0	1.0	0.0
1.0	1.0	0.0
0.0	1.0	0.0
0.0	0.0	1.0
1.0	0.0	1.0
2.0	0.0	1.0
3.0	0.0	1.0
3.0	1.0	1.0
2.0	1.0	1.0
1.0	1.0	1.0
0.0	1.0	1.0

Element	3 8
8	0	0	1	6	7	8	9	14	15
8	0	1	2	5	6	9	10	13	14
8	0	2	3	4	5	10	11	12	13

Material	1
2E+10	0.17	21000

Bound	12
0	0	0
0	1	0
0	2	0
7	0	0
7	1	0
7	2	0
8	0	0
8	1	0
8	2	0
15	0	0
15	1	0
15	2	0

Faceload	3
8	9	14	15	0	-10000	-10000	0
9	10	13	14	-10000	-20000	-20000	-10000
10	11	12	13	-20000	-30000	-30000	-20000

Nodeload	2
3	0.0	0.0	10000
4	0.0	0.0	10000
