xzy 18/12/06
24 30 8 1 3 1 1 333
     1     1     1     2    17
     2     1     2     7    17
     3     1     2     3     7
     4     1     3     6     7
     5     1     3     4     6
     6     1     4     5     6
     7     1     6     5     9
     8     1     5     8     9
     9     1     7     6    10
    10     1     6     9    10
    11     1    17     7    20
    12     1     7    10    20
    13     1     9     8    13
    14     1     8    11    13
    15     1    10     9    15
    16     1     9    13    15
    17     1    20    10    23
    18     1    10    15    23
    19     1    13    11    14
    20     1    11    12    14
    21     1    15    13    16
    22     1    13    14    16
    23     1    23    15    21
    24     1    15    16    21
    25     1    18    17    19
    26     1    17    20    19
    27     1    19    20    22
    28     1    20    23    22
    29     1    22    23    24
    30     1    23    21    24
     1     1.0000E+000     0.0000E+000
     2     2.0000E+000     0.0000E+000
     3     3.0000E+000     0.0000E+000
     4     4.0000E+000     0.0000E+000
     5     4.0000E+000     1.0000E+000
     6     3.0000E+000     1.0000E+000
     7     2.0000E+000     1.0000E+000
     8     4.0000E+000     2.0000E+000
     9     3.0000E+000     2.0000E+000
    10     2.0000E+000     2.0000E+000
    11     4.0000E+000     3.0000E+000
    12     4.0000E+000     4.0000E+000
    13     3.0000E+000     3.0000E+000
    14     3.0000E+000     4.0000E+000
    15     2.0000E+000     3.0000E+000
    16     2.0000E+000     4.0000E+000
    17     1.0000E+000     1.0000E+000
    18     0.0000E+000     1.0000E+000
    19     0.0000E+000     2.0000E+000
    20     1.0000E+000     2.0000E+000
    21     1.0000E+000     4.0000E+000
    22     0.0000E+000     3.0000E+000
    23     1.0000E+000     3.0000E+000
    24     0.0000E+000     4.0000E+000
    18        10     0.0000E+000     0.0000E+000
    19        10     0.0000E+000     0.0000E+000
    22        10     0.0000E+000     0.0000E+000
    24        10     0.0000E+000     0.0000E+000
     1         1     0.0000E+000     0.0000E+000
     2         1     0.0000E+000     0.0000E+000
     3         1     0.0000E+000     0.0000E+000
     4         1     0.0000E+000     0.0000E+000
	    1   
1 0.3 1.0 0.0 0
Loads
1 0 0
     4     5.0000E+001     0.0000E+000
     5     1.0000E+002     0.0000E+000
     8     1.0000E+002     0.0000E+000
    11     1.0000E+002     0.0000E+000
    12     5.0000E+001     0.0000E+000
    24     0.0000E+000     0.0000E+000
